35.6304,0.0387493
